Weights (Input to Hidden Layer):
w1_:
0.441758
0.723565
-0.452991
0.604884
-0.92967
0.470085
-0.745055
-0.873504
0.364103
w2_:
-0.0691087
0.743101
0.818315
0.579976
0.852503
-0.150183
0.181441
0.243468
-0.00757021
w3_:
0.025641
0.0412698
-0.213187
0.384127
0.494505
0.478388
-0.0246642
-0.691819
-0.900855
w4_:
-0.52674
-0.0822955
-0.591209
-0.582418
-0.824664
0.27326
0.547253
0.13895
-0.0769231
w5_:
0.810501
-0.432479
0.46569
0.99707
0.493529
-0.481807
-0.105739
0.444689
0.409035
w6_:
0.558974
-0.0407814
0.172161
-0.646398
-0.329915
0.177045
0.92674
0.442735
-0.0266178
w7_:
0.749939
-0.104762
0.896947
-0.619536
0.140415
0.682051
-0.761661
0.436874
0.862759
w8_:
-0.655189
0.632234
0.339194
-0.340659
-0.411477
-0.333822
-0.228816
-0.812454
0.1116

Weights (Hidden to Output Layer):
w'1_:
-0.249328
0.49304
-0.754823
0.112088
0.726984
-0.131624
-0.275702
-0.75873
w'2_:
-0.560928
0.173138
-0.13602
0.830525
-0.2337
0.321123
0.687912
0.223443

Thresholds (Hidden Layer):
0.486691
0.0334554
0.253724
0.984615
0.967277
0.160928
0.507692
0.0485958

Thresholds (Output Layer):
0.389011
0.319658
