Weights (Input to Hidden Layer):
w1_:
-0.905739
-0.204396
0.744567
-0.155556
0.691819
0.15116
-0.103297
0.794872
0.725519
w2_:
-0.57265
-0.178999
0.751404
-0.815385
-0.307937
0.626862
-0.474969
0.380708
-0.701587
w3_:
0.610256
0.264957
0.335287
0.8779
-0.520879
0.246886
0.0681319
0.372405
0.371429
w4_:
0.0876679
-0.664957
-0.94188
-0.254212
-0.237607
-0.449573
0.148718
0.849573
0.782173
w5_:
0.620513
-0.0842491
-0.391941
0.404151
0.42906
-0.426129
0.0139194
0.876923
-0.213675
w6_:
0.747009
0.462759
0.0041514
0.480342
-0.0310134
-0.547253
0.424664
0.0993895
-0.0173382
w7_:
0.0588523
-0.235653
-0.96337
-0.613675
0.281074
0.282051
0.0344322
0.446642
-0.951648
w8_:
-0.278632
-0.606349
-0.238095
0.204884
-0.110623
-0.669353
-0.158974
-0.506227
-0.986813

Weights (Hidden to Output Layer):
w'1_:
0.351893
0.260562
0.823199
-0.61221
-0.668864
-0.292308
0.466667
-0.800244
w'2_:
0.623932
0.437851
-0.137485
0.991697
-0.208791
0.429548
-0.605372
0.948718

Thresholds (Hidden Layer):
0.282051
0.971917
0.432967
0.688156
0.703053
0.534066
0.0151404
0.821245

Thresholds (Output Layer):
0.0449328
0.832967
